-4130.99 1109.98 5534.76 0.159461 -7.37709 1.60521
4.493300000000000182e+03 6.130600000000000364e+03 3.031099999999999909e+03 -7.258499999999999730e+00 8.354000000000000314e-01 1.886500000000000066e+00
4.493300000000000182e+03 6.130600000000000364e+03 3.020099999999999909e+03 -7.258899999999999686e+00 8.355000000000000204e-01 1.886600000000000055e+00
4.493300000000000182e+03 6.130600000000000364e+03 3.020099999999999909e+03 -7.258899999999999686e+00 8.356000000000000094e-01 1.886700000000000044e+00
4.493300000000000182e+03 6.130600000000000364e+03 3.020099999999999909e+03 -7.258899999999999686e+00 8.356999999999999984e-01 1.886800000000000033e+00
4.493300000000000182e+03 6.130600000000000364e+03 3.020099999999999909e+03 -7.258899999999999686e+00 8.357999999999999874e-01 1.886900000000000022e+00
4.493300000000000182e+03 6.130600000000000364e+03 3.020099999999999909e+03 -7.258899999999999686e+00 8.358999999999999764e-01 1.887000000000000011e+00
4.493300000000000182e+03 6.130600000000000364e+03 3.020099999999999909e+03 -7.258899999999999686e+00 8.359999999999999654e-01 1.887100000000000000e+00
4.493300000000000182e+03 6.130600000000000364e+03 3.020099999999999909e+03 -7.258899999999999686e+00 8.360999999999999543e-01 1.887199999999999989e+00
4.493300000000000182e+03 6.130600000000000364e+03 3.020099999999999909e+03 -7.258899999999999686e+00 8.362000000000000544e-01 1.887299999999999978e+00
4.493300000000000182e+03 6.130600000000000364e+03 3.020099999999999909e+03 -7.258899999999999686e+00 8.363000000000000433e-01 1.887399999999999967e+00
4.493300000000000182e+03 6.130600000000000364e+03 3.020099999999999909e+03 -7.258899999999999686e+00 8.364000000000000323e-01 1.887499999999999956e+00
4.493300000000000182e+03 6.130600000000000364e+03 3.020099999999999909e+03 -7.258899999999999686e+00 8.353000000000000425e-01 1.887599999999999945e+00
4.493300000000000182e+03 6.130600000000000364e+03 3.020099999999999909e+03 -7.258899999999999686e+00 8.352000000000000535e-01 1.887699999999999934e+00
4.493300000000000182e+03 6.130600000000000364e+03 3.020099999999999909e+03 -7.258899999999999686e+00 8.350999999999999535e-01 1.887799999999999923e+00
4.493300000000000182e+03 6.130600000000000364e+03 3.020099999999999909e+03 -7.258899999999999686e+00 8.349999999999999645e-01 1.887899999999999912e+00
4.493300000000000182e+03 6.130600000000000364e+03 3.020099999999999909e+03 -7.258899999999999686e+00 8.348999999999999755e-01 1.887999999999999901e+00
4.493300000000000182e+03 6.130600000000000364e+03 3.020099999999999909e+03 -7.258899999999999686e+00 8.347999999999999865e-01 1.888099999999999890e+00
4.493300000000000182e+03 6.130600000000000364e+03 3.020099999999999909e+03 -7.258899999999999686e+00 8.346999999999999975e-01 1.888200000000000101e+00
4.493300000000000182e+03 6.130600000000000364e+03 3.020099999999999909e+03 -7.258899999999999686e+00 8.346000000000000085e-01 1.888300000000000090e+00
4.493300000000000182e+03 6.130600000000000364e+03 3.020099999999999909e+03 -7.258899999999999686e+00 8.345000000000000195e-01 1.888400000000000079e+00

      "longitude": "139.6692",
      "latitude": "35.2906",
